[gd_scene load_steps=19 format=3 uid="uid://ccjphh7g0mi4u"]

[ext_resource type="PackedScene" uid="uid://ekqort30etdn" path="res://player/scenes/player.tscn" id="1_heepr"]
[ext_resource type="Script" path="res://game.gd" id="1_hunv4"]
[ext_resource type="PackedScene" uid="uid://chuemm706vkhg" path="res://props/plant0.tscn" id="2_aabnv"]
[ext_resource type="Resource" uid="uid://ctfn4ox6n37lx" path="res://items/global/all_recipies.tres" id="2_vfojm"]
[ext_resource type="Resource" uid="uid://dmhxlvwagompy" path="res://items/global/all_items.tres" id="3_p2yaa"]
[ext_resource type="PackedScene" uid="uid://bvd8qp1us0gi3" path="res://props/plant1.tscn" id="3_uo2pt"]
[ext_resource type="PackedScene" uid="uid://c1j5euwpsk1wf" path="res://props/plant2.tscn" id="4_ul2l7"]
[ext_resource type="PackedScene" uid="uid://bwo60wwu0mejl" path="res://UI/UI.tscn" id="5_g5unb"]
[ext_resource type="Resource" uid="uid://ctcltb7n0q56r" path="res://items/items/test_stick.tres" id="7_vmuqs"]
[ext_resource type="Script" path="res://items/global/pickup_scene.gd" id="8_do68a"]
[ext_resource type="Resource" uid="uid://cvm2f7loxo26l" path="res://items/items/test_axe.tres" id="10_gmjmf"]
[ext_resource type="Resource" uid="uid://boiab13xxa0va" path="res://items/items/test_stone.tres" id="11_vwmnj"]

[sub_resource type="Sky" id="Sky_g7hug"]

[sub_resource type="Environment" id="Environment_lhpnn"]
background_mode = 2
sky = SubResource("Sky_g7hug")

[sub_resource type="QuadMesh" id="QuadMesh_pt2n0"]
size = Vector2(100, 100)
orientation = 1

[sub_resource type="ConcavePolygonShape3D" id="ConcavePolygonShape3D_5tkmb"]
data = PackedVector3Array(50, 0, 50, -50, 0, 50, 50, 0, -50, -50, 0, 50, -50, 0, -50, 50, 0, -50)

[sub_resource type="QuadMesh" id="QuadMesh_8xa03"]
size = Vector2(4, 10)

[sub_resource type="ConcavePolygonShape3D" id="ConcavePolygonShape3D_ssg5g"]
data = PackedVector3Array(2, -5, 0, -2, -5, 0, 2, 5, 0, -2, -5, 0, -2, 5, 0, 2, 5, 0)

[node name="Game" type="Node3D"]
script = ExtResource("1_hunv4")
_all_recipes_rg = ExtResource("2_vfojm")
_all_items_rg = ExtResource("3_p2yaa")

[node name="3D" type="Node3D" parent="."]

[node name="WorldEnvironment" type="WorldEnvironment" parent="3D"]
environment = SubResource("Environment_lhpnn")

[node name="DirectionalLight3D" type="DirectionalLight3D" parent="3D"]
transform = Transform3D(1, 0, 0, 0, -0.675011, 0.737808, 0, -0.737808, -0.675011, 0, 6.92111, 0)
shadow_enabled = true

[node name="Floor" type="StaticBody3D" parent="3D"]

[node name="MeshInstance3D" type="MeshInstance3D" parent="3D/Floor"]
mesh = SubResource("QuadMesh_pt2n0")

[node name="CollisionShape3D" type="CollisionShape3D" parent="3D/Floor"]
shape = SubResource("ConcavePolygonShape3D_5tkmb")

[node name="Plant" parent="3D" instance=ExtResource("2_aabnv")]
transform = Transform3D(1, 0, 0, 0, 1, 0, 0, 0, 1, 9.24917, 0, 10.2738)

[node name="Plant2" parent="3D" instance=ExtResource("3_uo2pt")]
transform = Transform3D(1, 0, 0, 0, 1, 0, 0, 0, 1, 6.90612, 0, 7.57574)

[node name="Plant3" parent="3D" instance=ExtResource("4_ul2l7")]
transform = Transform3D(1, 0, 0, 0, 1, 0, 0, 0, 1, 3.50277, 0, 8.67094)

[node name="Player" parent="3D" instance=ExtResource("1_heepr")]

[node name="PickupScene2" type="Node3D" parent="3D"]
transform = Transform3D(1, 0, 0, 0, 1, 0, 0, 0, 1, -3.37597, 0.987832, 0)
script = ExtResource("8_do68a")
item = ExtResource("10_gmjmf")

[node name="PickupScene3" type="Node3D" parent="3D"]
transform = Transform3D(1, 0, 0, 0, 1, 0, 0, 0, 1, -2.69253, 1.53754, 0)
script = ExtResource("8_do68a")
item = ExtResource("10_gmjmf")

[node name="PickupScene4" type="Node3D" parent="3D"]
transform = Transform3D(1, 0, 0, 0, 1, 0, 0, 0, 1, -4.93899, 1.6634, 0)
script = ExtResource("8_do68a")
item = ExtResource("10_gmjmf")

[node name="PickupScene5" type="Node3D" parent="3D"]
transform = Transform3D(1, 0, 0, 0, 1, 0, 0, 0, 1, -3.50502, 1.39626, -0.633683)
script = ExtResource("8_do68a")
item = ExtResource("10_gmjmf")

[node name="PickupScene6" type="Node3D" parent="3D"]
transform = Transform3D(1, 0, 0, 0, 1, 0, 0, 0, 1, -5.39655, 0.406444, 1.63013)
script = ExtResource("8_do68a")
item = ExtResource("7_vmuqs")

[node name="PickupScene7" type="Node3D" parent="3D"]
transform = Transform3D(1, 0, 0, 0, 1, 0, 0, 0, 1, -4.05112, 1.59889, 1.25907)
script = ExtResource("8_do68a")
item = ExtResource("7_vmuqs")

[node name="PickupScene8" type="Node3D" parent="3D"]
transform = Transform3D(1, 0, 0, 0, 1, 0, 0, 0, 1, -3.63656, 1.26053, 2.59367)
script = ExtResource("8_do68a")
item = ExtResource("7_vmuqs")

[node name="PickupScene9" type="Node3D" parent="3D"]
transform = Transform3D(1, 0, 0, 0, 1, 0, 0, 0, 1, -4.79097, 0.383699, 0.716442)
script = ExtResource("8_do68a")
item = ExtResource("7_vmuqs")

[node name="PickupScene10" type="Node3D" parent="3D"]
transform = Transform3D(1, 0, 0, 0, 1, 0, 0, 0, 1, -1.73061, 0.841934, 1.51894)
script = ExtResource("8_do68a")
item = ExtResource("11_vwmnj")

[node name="PickupScene11" type="Node3D" parent="3D"]
transform = Transform3D(1, 0, 0, 0, 1, 0, 0, 0, 1, -1.94246, 0.693068, 2.39216)
script = ExtResource("8_do68a")
item = ExtResource("11_vwmnj")

[node name="PickupScene12" type="Node3D" parent="3D"]
transform = Transform3D(1, 0, 0, 0, 1, 0, 0, 0, 1, -2.72179, 0.529407, 0)
script = ExtResource("8_do68a")
item = ExtResource("11_vwmnj")

[node name="PickupScene13" type="Node3D" parent="3D"]
transform = Transform3D(1, 0, 0, 0, 1, 0, 0, 0, 1, -1.49597, 0.381747, 0)
script = ExtResource("8_do68a")
item = ExtResource("11_vwmnj")

[node name="slopes" type="Node3D" parent="3D"]

[node name="Slope" type="StaticBody3D" parent="3D/slopes"]
transform = Transform3D(1, 0, 0, 0, 0.258819, 0.965926, 0, -0.965926, 0.258819, 0, 1.2051, -11.8425)

[node name="MeshInstance3D" type="MeshInstance3D" parent="3D/slopes/Slope"]
mesh = SubResource("QuadMesh_8xa03")

[node name="CollisionShape3D" type="CollisionShape3D" parent="3D/slopes/Slope"]
shape = SubResource("ConcavePolygonShape3D_ssg5g")

[node name="Slope2" type="StaticBody3D" parent="3D/slopes"]
transform = Transform3D(1, 0, 0, 0, 0.5, 0.866025, 0, -0.866025, 0.5, 7.57949, 1.2051, -11.8425)

[node name="MeshInstance3D" type="MeshInstance3D" parent="3D/slopes/Slope2"]
mesh = SubResource("QuadMesh_8xa03")

[node name="CollisionShape3D" type="CollisionShape3D" parent="3D/slopes/Slope2"]
shape = SubResource("ConcavePolygonShape3D_ssg5g")

[node name="Slope3" type="StaticBody3D" parent="3D/slopes"]
transform = Transform3D(1, 0, 0, 0, 0.707107, 0.707107, 0, -0.707107, 0.707107, 14.4326, 1.2051, -11.8425)

[node name="MeshInstance3D" type="MeshInstance3D" parent="3D/slopes/Slope3"]
mesh = SubResource("QuadMesh_8xa03")

[node name="CollisionShape3D" type="CollisionShape3D" parent="3D/slopes/Slope3"]
shape = SubResource("ConcavePolygonShape3D_ssg5g")

[node name="Slope4" type="StaticBody3D" parent="3D/slopes"]
transform = Transform3D(1, 0, 0, 0, 0.382683, 0.92388, 0, -0.92388, 0.382683, 3.75148, 1.205, -11.842)

[node name="MeshInstance3D" type="MeshInstance3D" parent="3D/slopes/Slope4"]
mesh = SubResource("QuadMesh_8xa03")

[node name="CollisionShape3D" type="CollisionShape3D" parent="3D/slopes/Slope4"]
shape = SubResource("ConcavePolygonShape3D_ssg5g")

[node name="Slope5" type="StaticBody3D" parent="3D/slopes"]
transform = Transform3D(1, 0, 0, 0, 0.608761, 0.793353, 0, -0.793353, 0.608761, 11.1744, 1.2051, -11.8425)

[node name="MeshInstance3D" type="MeshInstance3D" parent="3D/slopes/Slope5"]
mesh = SubResource("QuadMesh_8xa03")

[node name="CollisionShape3D" type="CollisionShape3D" parent="3D/slopes/Slope5"]
shape = SubResource("ConcavePolygonShape3D_ssg5g")

[node name="Slope6" type="StaticBody3D" parent="3D/slopes"]
transform = Transform3D(1, 0, 0, 0, 0.793353, 0.608761, 0, -0.608761, 0.793353, 18.574, 1.2051, -11.8425)

[node name="MeshInstance3D" type="MeshInstance3D" parent="3D/slopes/Slope6"]
transform = Transform3D(1, 0, 0, 0, 1, 0, 0, 0, 1, -0.63537, 0, 0)
mesh = SubResource("QuadMesh_8xa03")

[node name="CollisionShape3D" type="CollisionShape3D" parent="3D/slopes/Slope6"]
shape = SubResource("ConcavePolygonShape3D_ssg5g")

[node name="Slope7" type="StaticBody3D" parent="3D/slopes"]
transform = Transform3D(1, 0, 0, 0, 0.866025, 0.5, 0, -0.5, 0.866025, 22.4039, 1.2051, -11.8425)

[node name="MeshInstance3D" type="MeshInstance3D" parent="3D/slopes/Slope7"]
transform = Transform3D(1, 0, 0, 0, 1, 0, 0, 0, 1, -0.63537, 0, 0)
mesh = SubResource("QuadMesh_8xa03")

[node name="CollisionShape3D" type="CollisionShape3D" parent="3D/slopes/Slope7"]
shape = SubResource("ConcavePolygonShape3D_ssg5g")

[node name="Slope8" type="StaticBody3D" parent="3D/slopes"]
transform = Transform3D(1, 0, 0, 0, 0.92388, 0.382683, 0, -0.382683, 0.92388, 25.9813, 1.2051, -11.8425)

[node name="MeshInstance3D" type="MeshInstance3D" parent="3D/slopes/Slope8"]
transform = Transform3D(1, 0, 0, 0, 1, 0, 0, 0, 1, -0.63537, 0, 0)
mesh = SubResource("QuadMesh_8xa03")

[node name="CollisionShape3D" type="CollisionShape3D" parent="3D/slopes/Slope8"]
shape = SubResource("ConcavePolygonShape3D_ssg5g")

[node name="Slope9" type="StaticBody3D" parent="3D/slopes"]
transform = Transform3D(1, 0, 0, 0, 0.965926, 0.258819, 0, -0.258819, 0.965926, 29.6989, 1.2051, -11.8425)

[node name="MeshInstance3D" type="MeshInstance3D" parent="3D/slopes/Slope9"]
transform = Transform3D(1, 0, 0, 0, 1, 0, 0, 0, 1, -0.63537, 0, 0)
mesh = SubResource("QuadMesh_8xa03")

[node name="CollisionShape3D" type="CollisionShape3D" parent="3D/slopes/Slope9"]
shape = SubResource("ConcavePolygonShape3D_ssg5g")

[node name="Slope10" type="StaticBody3D" parent="3D/slopes"]
transform = Transform3D(1, 0, 0, 0, 0.991445, 0.130526, 0, -0.130526, 0.991445, 33.1009, 1.2051, -11.8425)

[node name="MeshInstance3D" type="MeshInstance3D" parent="3D/slopes/Slope10"]
transform = Transform3D(1, 0, 0, 0, 1, 0, 0, 0, 1, -0.63537, 0, 0)
mesh = SubResource("QuadMesh_8xa03")

[node name="CollisionShape3D" type="CollisionShape3D" parent="3D/slopes/Slope10"]
shape = SubResource("ConcavePolygonShape3D_ssg5g")

[node name="Slope11" type="StaticBody3D" parent="3D/slopes"]
transform = Transform3D(1, 0, 0, 0, 1, 0, 0, 0, 1, 36.4429, 1.2051, -11.8425)

[node name="MeshInstance3D" type="MeshInstance3D" parent="3D/slopes/Slope11"]
transform = Transform3D(1, 0, 0, 0, 1, 0, 0, 0, 1, -0.63537, 0, 0)
mesh = SubResource("QuadMesh_8xa03")

[node name="CollisionShape3D" type="CollisionShape3D" parent="3D/slopes/Slope11"]
shape = SubResource("ConcavePolygonShape3D_ssg5g")

[node name="slopes2" type="Node3D" parent="3D"]
transform = Transform3D(-1, 0, -8.74228e-08, 0, 1, 0, 8.74228e-08, 0, -1, 34.2336, 0, -29.3591)

[node name="Slope" type="StaticBody3D" parent="3D/slopes2"]
transform = Transform3D(1, 0, 0, 0, 0.258819, 0.965926, 0, -0.965926, 0.258819, 0, 1.2051, -11.8425)

[node name="MeshInstance3D" type="MeshInstance3D" parent="3D/slopes2/Slope"]
mesh = SubResource("QuadMesh_8xa03")

[node name="CollisionShape3D" type="CollisionShape3D" parent="3D/slopes2/Slope"]
shape = SubResource("ConcavePolygonShape3D_ssg5g")

[node name="Slope2" type="StaticBody3D" parent="3D/slopes2"]
transform = Transform3D(1, 0, 0, 0, 0.5, 0.866025, 0, -0.866025, 0.5, 7.57949, 1.2051, -11.8425)

[node name="MeshInstance3D" type="MeshInstance3D" parent="3D/slopes2/Slope2"]
mesh = SubResource("QuadMesh_8xa03")

[node name="CollisionShape3D" type="CollisionShape3D" parent="3D/slopes2/Slope2"]
shape = SubResource("ConcavePolygonShape3D_ssg5g")

[node name="Slope3" type="StaticBody3D" parent="3D/slopes2"]
transform = Transform3D(1, 0, 0, 0, 0.707107, 0.707107, 0, -0.707107, 0.707107, 14.4326, 1.2051, -11.8425)

[node name="MeshInstance3D" type="MeshInstance3D" parent="3D/slopes2/Slope3"]
mesh = SubResource("QuadMesh_8xa03")

[node name="CollisionShape3D" type="CollisionShape3D" parent="3D/slopes2/Slope3"]
shape = SubResource("ConcavePolygonShape3D_ssg5g")

[node name="Slope4" type="StaticBody3D" parent="3D/slopes2"]
transform = Transform3D(1, 0, 0, 0, 0.382683, 0.92388, 0, -0.92388, 0.382683, 3.75148, 1.205, -11.842)

[node name="MeshInstance3D" type="MeshInstance3D" parent="3D/slopes2/Slope4"]
mesh = SubResource("QuadMesh_8xa03")

[node name="CollisionShape3D" type="CollisionShape3D" parent="3D/slopes2/Slope4"]
shape = SubResource("ConcavePolygonShape3D_ssg5g")

[node name="Slope5" type="StaticBody3D" parent="3D/slopes2"]
transform = Transform3D(1, 0, 0, 0, 0.608761, 0.793353, 0, -0.793353, 0.608761, 11.1744, 1.2051, -11.8425)

[node name="MeshInstance3D" type="MeshInstance3D" parent="3D/slopes2/Slope5"]
mesh = SubResource("QuadMesh_8xa03")

[node name="CollisionShape3D" type="CollisionShape3D" parent="3D/slopes2/Slope5"]
shape = SubResource("ConcavePolygonShape3D_ssg5g")

[node name="Slope6" type="StaticBody3D" parent="3D/slopes2"]
transform = Transform3D(1, 0, 0, 0, 0.793353, 0.608761, 0, -0.608761, 0.793353, 18.574, 1.2051, -11.8425)

[node name="MeshInstance3D" type="MeshInstance3D" parent="3D/slopes2/Slope6"]
transform = Transform3D(1, 0, 0, 0, 1, 0, 0, 0, 1, -0.63537, 0, 0)
mesh = SubResource("QuadMesh_8xa03")

[node name="CollisionShape3D" type="CollisionShape3D" parent="3D/slopes2/Slope6"]
shape = SubResource("ConcavePolygonShape3D_ssg5g")

[node name="Slope7" type="StaticBody3D" parent="3D/slopes2"]
transform = Transform3D(1, 0, 0, 0, 0.866025, 0.5, 0, -0.5, 0.866025, 22.4039, 1.2051, -11.8425)

[node name="MeshInstance3D" type="MeshInstance3D" parent="3D/slopes2/Slope7"]
transform = Transform3D(1, 0, 0, 0, 1, 0, 0, 0, 1, -0.63537, 0, 0)
mesh = SubResource("QuadMesh_8xa03")

[node name="CollisionShape3D" type="CollisionShape3D" parent="3D/slopes2/Slope7"]
shape = SubResource("ConcavePolygonShape3D_ssg5g")

[node name="Slope8" type="StaticBody3D" parent="3D/slopes2"]
transform = Transform3D(1, 0, 0, 0, 0.92388, 0.382683, 0, -0.382683, 0.92388, 25.9813, 1.2051, -11.8425)

[node name="MeshInstance3D" type="MeshInstance3D" parent="3D/slopes2/Slope8"]
transform = Transform3D(1, 0, 0, 0, 1, 0, 0, 0, 1, -0.63537, 0, 0)
mesh = SubResource("QuadMesh_8xa03")

[node name="CollisionShape3D" type="CollisionShape3D" parent="3D/slopes2/Slope8"]
shape = SubResource("ConcavePolygonShape3D_ssg5g")

[node name="Slope9" type="StaticBody3D" parent="3D/slopes2"]
transform = Transform3D(1, 0, 0, 0, 0.965926, 0.258819, 0, -0.258819, 0.965926, 29.6989, 1.2051, -11.8425)

[node name="MeshInstance3D" type="MeshInstance3D" parent="3D/slopes2/Slope9"]
transform = Transform3D(1, 0, 0, 0, 1, 0, 0, 0, 1, -0.63537, 0, 0)
mesh = SubResource("QuadMesh_8xa03")

[node name="CollisionShape3D" type="CollisionShape3D" parent="3D/slopes2/Slope9"]
shape = SubResource("ConcavePolygonShape3D_ssg5g")

[node name="Slope10" type="StaticBody3D" parent="3D/slopes2"]
transform = Transform3D(1, 0, 0, 0, 0.991445, 0.130526, 0, -0.130526, 0.991445, 33.1009, 1.2051, -11.8425)

[node name="MeshInstance3D" type="MeshInstance3D" parent="3D/slopes2/Slope10"]
transform = Transform3D(1, 0, 0, 0, 1, 0, 0, 0, 1, -0.63537, 0, 0)
mesh = SubResource("QuadMesh_8xa03")

[node name="CollisionShape3D" type="CollisionShape3D" parent="3D/slopes2/Slope10"]
shape = SubResource("ConcavePolygonShape3D_ssg5g")

[node name="Slope11" type="StaticBody3D" parent="3D/slopes2"]
transform = Transform3D(1, 0, 0, 0, 1, 0, 0, 0, 1, 36.4429, 1.2051, -11.8425)

[node name="MeshInstance3D" type="MeshInstance3D" parent="3D/slopes2/Slope11"]
transform = Transform3D(1, 0, 0, 0, 1, 0, 0, 0, 1, -0.63537, 0, 0)
mesh = SubResource("QuadMesh_8xa03")

[node name="CollisionShape3D" type="CollisionShape3D" parent="3D/slopes2/Slope11"]
shape = SubResource("ConcavePolygonShape3D_ssg5g")

[node name="UI" parent="." instance=ExtResource("5_g5unb")]

[editable path="UI"]
