[gd_scene load_steps=5 format=3 uid="uid://ckv21qn3fgpmk"]

[ext_resource type="PackedScene" uid="uid://xhh1l8w2tosj" path="res://models/FantasyVillage/Props/Table_01.fbx" id="1_lywvo"]
[ext_resource type="PackedScene" uid="uid://dx6f8l775aj0b" path="res://models/FantasyVillage/Props/Chair.fbx" id="2_igq5r"]

[sub_resource type="BoxShape3D" id="BoxShape3D_as7lj"]
size = Vector3(3.62952, 0.792816, 0.757568)

[sub_resource type="BoxShape3D" id="BoxShape3D_l53kt"]
size = Vector3(1.8147, 0.810394, 2.40796)

[node name="Mesa2" type="StaticBody3D"]

[node name="Table_01" parent="." instance=ExtResource("1_lywvo")]

[node name="Chair6" parent="." instance=ExtResource("2_igq5r")]
transform = Transform3D(0.258819, 0, 0.965926, 0, 1, 0, -0.965926, 0, 0.258819, -1.58057, 0, 0)

[node name="Chair7" parent="." instance=ExtResource("2_igq5r")]
transform = Transform3D(-0.866025, 0, -0.5, 0, 1, 0, 0.5, 0, -0.866025, 0.590836, 0, 0.93901)

[node name="Chair4" parent="." instance=ExtResource("2_igq5r")]
transform = Transform3D(-1, 0, 8.74228e-08, 0, 1, 0, -8.74228e-08, 0, -1, -0.323486, 0, 0.927846)

[node name="Chair3" parent="." instance=ExtResource("2_igq5r")]
transform = Transform3D(0.194183, 0, -0.980965, 0, 1, 0, 0.980965, 0, 0.194183, 1.45273, 0, 0)

[node name="Chair2" parent="." instance=ExtResource("2_igq5r")]
transform = Transform3D(1, 0, 0, 0, 1, 0, 0, 0, 1, 0.417585, 0, -0.938187)

[node name="Chair" parent="." instance=ExtResource("2_igq5r")]
transform = Transform3D(1, 0, 0, 0, 1, 0, 0, 0, 1, -0.630851, 0, -0.808951)

[node name="CollisionShape3D" type="CollisionShape3D" parent="."]
transform = Transform3D(1, 0, 0, 0, 1, 0, 0, 0, 1, -0.0612183, 0.40123, 0.0032959)
shape = SubResource("BoxShape3D_as7lj")

[node name="CollisionShape3D2" type="CollisionShape3D" parent="."]
transform = Transform3D(1, 0, 0, 0, 1, 0, 0, 0, 1, 0.0123291, 0.3983, 0.0355225)
shape = SubResource("BoxShape3D_l53kt")
